
as of 6 JAN 2021

---wt---

[E]	k_cat		err		K_m		err
---	-----		---		---		---
0.10	2.54e-03	5.11e-04	6.21e+01	2.38e+01
0.25	7.16e-03	2.73e-04	7.30e+01	4.70e+00
0.50	9.12e-03	2.45e-04	1.26e+02	5.39e+00
1.00	1.17e-02	1.69e-04	1.29e+02	2.79e+00
2.00	2.60e-02	1.57e-03	2.61e+02	1.91e+01
4.00	1.91e-02	1.46e-03	2.29e+02	2.15e+01
8.00	1.35e-02	1.80e-03	2.05e+02	3.46e+01


---N214A---

[E]	k_cat		err		K_m		err
---	-----		---		---		---
0.10	-5.28e-172	inf	1.00e+00	inf                 excld
0.25	3.92e-04	1.16e-04	2.65e+01	1.66e+01
0.50	1.50e-03	6.48e-05	2.13e+01	2.03e+00
1.00	2.34e-03	5.97e-05	2.63e+01	1.06e+00
2.00	1.81e-03	4.33e-05	2.24e+01	1.03e+00
4.00	5.69e-03	8.26e-04	3.26e+02	5.87e+01
8.00	8.63e-03	3.20e-03	5.36e+02	2.27e+02

---Q256A---

[E]	k_cat		err		K_m		err
---	-----		---		---		---
0.10	-1.81e-190	inf	1.00e+00	inf                 excld
0.25	8.04e+03	2.54e+11	5.66e+09	1.79e+17    excld
0.50	5.74e-03	1.84e-04	7.47e+01	3.92e+00
1.00	6.36e-03	1.46e-04	9.57e+01	3.27e+00
2.00	8.84e-03	3.16e-04	1.63e+02	7.85e+00
4.00	5.49e-03	1.34e-04	8.79e+01	3.51e+00
8.00	5.93e-03	3.69e-04	1.20e+02	1.08e+01

---S284A---

[E]	k_cat		err		K_m		err
---	-----		---		---		---
0.10	5.76e-03	8.58e-04	9.23e+01	2.39e+01
0.25	7.34e-03	1.83e-04	4.55e+01	2.43e+00
0.50	1.22e-02	2.87e-04	1.05e+02	3.59e+00
1.00	9.82e-03	1.74e-04	9.60e+01	2.36e+00
2.00	1.77e-02	1.05e-03	2.50e+02	1.80e+01
4.00	1.86e-02	1.15e-03	2.54e+02	1.98e+01
8.00	1.41e-02	3.87e-03	2.91e+02	9.01e+01
