8.882709606176992416e-04
5.586510207620641209e-04
2.048060591806108281e-04
3.296034192179470674e-04
2.165730302842635018e-04
2.703039434069681095e-04
3.789794639589957252e-04
2.723491039001764034e-04
3.145275841708253120e-04
3.410375777377659743e-04
2.595232570237432737e-04
2.672532290614472298e-04
3.522589645787914479e-04
2.427446002632932596e-04
3.240123418242914612e-04
2.397106569721838421e-04
2.802290794114579899e-04
4.459453238730866072e-04
5.289621386516303331e-04
6.977094861022675124e-04
9.997599692727961607e-04
1.338085193022731621e-03
5.617831940093204884e-04
4.786540701290957966e-04
3.320409363739109982e-04
3.085429143986955164e-04
2.997163373996566634e-04
1.548485652599122743e-04
2.039141628883031870e-04
2.384913858563839713e-04
1.870473722776701709e-04
1.627953663262438912e-04
1.482568129631398795e-04
2.421146490475268578e-04
1.634262925056364016e-04
1.703426885355186155e-04
1.854826451363396920e-04
2.500460545342474768e-04
5.005823273472925685e-04
4.992054272960525603e-04
6.145856963061868206e-04
9.978388227795521957e-04
1.644987430483518288e-03
1.992455235764606369e-03
2.103473407247779571e-03
1.494137346715888404e-03
1.091153826834692381e-03
1.161149766782218007e-03
1.010633385844719387e-03
1.063851152388287091e-03
9.668091828521679833e-04
8.004731722343315110e-04
6.764114398330676710e-04
9.888896651254230116e-04
8.184413825473892123e-04
5.872899221890612873e-04
8.056157456744665948e-04
1.103668613983805561e-03
1.043913297479276501e-03
9.933544032703536374e-04
1.064632981835818629e-03
1.017231366554595222e-03
9.564511822562801443e-04
6.656768548867150487e-04
5.294463068939656838e-04
4.124184906048814349e-04
5.151073651687452853e-04
5.151342881096774911e-04
4.027608970846806281e-04
5.809096300733986246e-04
6.145816799936357298e-04
9.103013069595855414e-04
7.162039830419490586e-04
7.742031677664214153e-04
7.087863382002462234e-04
6.946624660256614991e-04
6.077277521945098756e-04
5.086149221813164503e-04
3.485217164615210441e-04
2.115177925288141557e-04
2.762948061960407604e-04
3.796961850381228498e-04
3.585783527203039410e-04
3.192642252504683813e-04
2.159526843379115017e-04
2.908487854578193006e-04
3.957619452775928623e-04
4.237831746026733616e-04
4.142130352161136351e-04
4.904382226092184353e-04
2.887451294779636978e-04
2.383271621551722483e-04
2.573687277510177665e-04
3.515479363584911917e-04
5.199265154495092290e-04
4.773803119830646673e-04
4.729673462458807895e-04
3.616497961552168059e-04
3.498127606661960648e-04
2.652721110021039833e-04
2.910338122868862489e-04
3.781056800232101048e-04
3.873298960525187553e-04
5.052438272847301418e-04
5.300835033272705823e-04
3.994412798111580216e-04
1.816765592551703584e-04
3.351005465034479240e-04
2.794259537777682737e-04
1.815693692756927024e-04
1.839921831667040632e-04
1.926814656149889143e-04
2.004253104509572385e-04
2.570238123657742546e-04
3.669210300509041811e-04
5.860169267209963499e-04
5.897655138292673448e-04
5.889109235702045782e-04
5.376411478614924163e-04
3.366152226474938272e-04
2.492640769782848210e-04
3.395717872445121383e-04
3.232806492777023574e-04
2.458571943756820955e-04
3.184768725600172867e-04
4.089866022545340213e-04
6.724999769058114668e-04
6.088161745462991603e-04
2.933297936128529478e-04
5.853926512826423002e-04
7.223988301317332827e-04
5.593284328524727187e-04
2.981866766016402553e-04
2.485410677468524710e-04
4.604728123075467125e-04
4.833269572997134721e-04
4.782749894943534195e-04
3.943832102900181411e-04
3.813070782131528598e-04
2.560291394961351948e-04
2.872857315061713083e-04
2.336189942147866413e-04
2.840362883605872420e-04
4.094389743138862766e-04
5.297487017536706057e-04
3.816987967455527566e-04
2.029586671539174148e-04
2.747519165946402477e-04
3.462984089664946047e-04
4.138447040019805354e-04
3.562989069388766022e-04
5.314227248613895890e-04
2.572358067363240920e-04
3.945255128404249198e-04
3.175946228526929606e-04
3.118256217536248260e-04
2.615629676262052499e-04
2.477789542509446861e-04
1.805647347026084586e-04
1.430465224865710430e-04
2.611979715179109460e-04
3.539618505147677395e-04
3.475678601158388643e-04
4.320886630891806915e-04
9.552387295210652655e-04
1.372303549585909182e-03
1.329762825801454737e-03
1.009755303199692551e-03
6.965036067973841586e-04
3.792125589361855032e-04
2.936398513725066179e-04
1.934863464885348415e-04
2.103665355661443010e-04
1.522480619467661404e-04
1.003463213533092966e-04
1.649325154948784314e-04
2.491808376355096155e-04
3.797414385813326098e-04
3.818025172336377438e-04
2.405457279107384074e-04
3.010891782451203137e-04
4.945646544359605726e-04
7.825094448600248198e-04
9.139741148607564460e-04
7.656094279977685140e-04
7.831374649111725412e-04
9.416822532116824167e-04
1.042182132053016746e-03
1.501478712871119224e-03
8.892309266690272881e-04
2.519479027164382105e-03
1.707884112215930566e-03
1.844692886333850054e-03
1.415002230566943199e-03
1.687362389856009648e-03
5.180795697620721148e-04
2.635686919122602286e-04
3.541467191660049125e-04
4.047718747277113840e-04
4.431990517822229558e-04
4.667869111480587078e-04
4.376479418782739349e-04
4.558850231483834413e-04
6.147302598359988181e-04
6.526444646526063974e-04
5.614193574136704503e-04
6.257139040440394626e-04
7.075102068310869328e-04
7.357748742587837685e-04
7.315206449755915332e-04
9.320483073213273401e-04
1.414078342049336807e-03
1.288138084690875927e-03
1.005373020833261058e-03
6.033145021911916032e-04
5.082552725158408311e-04
4.139056035585244502e-04
4.588464390284720555e-04
6.640304376240480262e-04
1.107185111801809460e-03
1.019072959325362411e-03
9.826332135179696985e-04
8.833366421412501947e-04
9.538038291060710458e-04
9.087784852064962433e-04
5.934719555471065387e-04
4.044564342198443577e-04
3.650860760066722364e-04
5.617174637078368744e-04
5.843417522523840224e-04
3.614651684975063624e-04
3.776482019361599189e-04
5.003249410732971050e-04
3.923522026707993598e-04
2.709483176603782757e-04
3.374116011468755770e-04
3.493946355827890859e-04
4.486356759662809049e-04
4.913216476605052714e-04
4.888503642015761073e-04
5.769361853020368511e-04
7.870317995534910089e-04
7.235219501749701448e-04
5.664673445456974970e-04
6.591579553787125069e-04
7.641376450958717054e-04
7.900306026583828840e-04
7.937753633896740737e-04
9.035552810973295542e-04
1.015744507861258538e-03
8.904996357175562873e-04
8.041605297047715265e-04
1.030750212409374793e-03
1.170175727294067713e-03
8.956958393315263278e-04
1.028977241851945085e-03
6.523983589724057256e-04
6.363415490699743946e-04
6.351673521286641845e-04
5.584445574454299397e-04
5.647611703857818681e-04
5.744204215714888376e-04
5.493008742427004385e-04
5.110895784078787205e-04
4.757372135624786304e-04
4.040821540993566456e-04
4.049118404450386365e-04
4.336614247479895004e-04
3.860232780503879851e-04
3.674969327449526522e-04
3.546984516901849544e-04
3.854700224059316640e-04
4.246727331396779430e-04
5.814694646092245052e-04
5.511160205160103723e-04
7.656247249652446425e-04
7.983401196449380847e-04
7.896108077457350419e-04
7.454882422146763641e-04
9.125029589246853564e-04
1.026752561987070945e-03
8.023519176562016533e-04
6.945666605626460086e-04
6.246603947040453532e-04
5.010700129276207237e-04
5.181928489732196344e-04
4.839588027133410455e-04
6.947505870338449834e-04
5.854794902816682061e-04
5.500324293440471803e-04
5.503302825676710010e-04
4.729075358064343268e-04
6.001292588655361302e-04
6.741077869387778832e-04
5.717136412207609025e-04
5.598214490237102010e-04
7.176910434688972204e-04
5.438663380618126474e-04
6.154030837584457524e-04
5.134042240156151595e-04
7.046275006377364413e-04
